M1 26 38 38 62 62 84 87 108 108 120 120 132 145 157 161 173 
M2 0 14 16 30 32 46 73 87 108 121 121 145 
M3 14 26 57 79 79 101 
M4 0 16 16 32 32 43 46 57 57 73 84 95 101 112 120 136 136 150 150 161 
AGV1 0 14 14 26 26 38 38 62 62 84 84 95 108 120 120 136 136 150 150 161 161 173 
AGV2 0 16 16 30 32 43 57 73 73 87 87 108 108 121 121 145 145 157 
AGV3 16 32 32 46 46 57 57 79 79 101 101 112 120 132 
times： =173
M1 16 37 37 49 90 111 111 132 146 158 
M2 0 13 13 27 27 51 51 65 65 78 78 101 120 134 
M3 0 22 36 48 51 63 134 146 161 173 
M4 0 16 22 36 49 65 65 76 76 90 90 104 104 120 120 136 136 150 150 161 
AGV1 0 22 22 36 36 48 51 65 65 76 78 101 104 120 120 134 134 146 146 158 
AGV2 0 16 16 37 37 49 49 65 76 90 90 111 120 136 136 150 150 161 161 173 
AGV3 0 13 13 27 27 51 51 63 65 78 90 104 111 132 
times： =173
M1 22 44 49 73 73 95 95 107 143 164 
M2 0 13 13 37 37 50 107 120 
M3 0 22 37 49 50 72 72 84 95 107 107 129 129 151 151 163 163 175 
M4 0 14 14 25 25 36 44 55 55 71 73 87 87 98 129 143 164 175 
AGV1 0 13 13 37 37 49 49 73 73 87 87 98 
AGV2 0 14 14 25 25 36 37 50 50 72 72 84 95 107 107 129 129 143 143 164 164 175 
AGV3 0 22 22 44 44 55 55 71 73 95 95 107 107 120 129 151 151 163 163 175 
times： =175
M1 0 24 50 74 102 124 129 150 155 167 
M2 0 14 14 38 38 62 62 75 75 89 89 102 102 115 124 147 150 173 
M3 16 38 38 50 89 101 101 123 143 155 
M4 0 16 24 38 38 49 49 60 74 85 85 96 115 129 129 143 
AGV1 0 16 16 38 38 62 62 75 75 89 89 101 102 115 115 129 129 150 150 173 
AGV2 0 14 14 38 38 50 50 74 74 85 85 96 101 123 129 143 143 155 155 167 
AGV3 0 24 24 38 38 49 49 60 89 102 102 124 124 147 
times： =173
M1 0 24 50 74 102 124 129 150 155 167 
M2 0 14 14 38 38 62 62 75 75 89 89 102 102 115 124 147 150 173 
M3 16 38 38 50 89 101 101 123 143 155 
M4 0 16 24 38 38 49 49 60 74 85 85 96 115 129 129 143 
AGV1 0 16 16 38 38 62 62 75 75 89 89 101 102 115 115 129 129 150 150 173 
AGV2 0 14 14 38 38 50 50 74 74 85 85 96 101 123 129 143 143 155 155 167 
AGV3 0 24 24 38 38 49 49 60 89 102 102 124 124 147 
times： =173
M1 40 61 61 85 92 104 157 169 
M2 0 13 13 26 26 40 44 68 68 92 104 117 
M3 30 42 42 64 79 101 107 129 129 151 151 163 
M4 0 16 16 30 30 44 68 79 85 96 96 107 107 121 121 132 132 146 146 157 163 174 
AGV1 0 13 16 30 30 42 42 64 68 92 92 104 104 117 129 151 151 163 163 174 
AGV2 0 16 26 40 40 61 61 85 85 96 96 107 107 129 132 146 146 157 157 169 
AGV3 13 26 30 44 44 68 68 79 79 101 107 121 121 132 
times： =174
M1 30 51 51 63 63 87 160 172 
M2 0 13 16 30 51 64 67 80 112 136 136 160 
M3 0 22 22 44 44 56 81 93 93 115 123 145 
M4 0 16 22 36 36 47 56 67 67 81 87 98 98 112 112 123 136 147 147 161 161 172 
AGV1 0 22 22 36 36 47 51 63 63 87 87 98 112 123 123 145 147 161 161 172 
AGV2 0 16 16 30 30 51 51 64 67 81 81 93 93 115 136 160 160 172 
AGV3 0 13 22 44 44 56 56 67 67 80 98 112 112 136 136 147 
times： =172
M1 95 116 117 138 
M2 22 36 36 60 60 73 111 134 134 147 
M3 0 22 22 44 46 58 58 70 73 95 95 117 117 129 129 151 151 163 163 175 
M4 0 16 16 32 32 46 46 57 57 68 68 84 84 100 100 111 147 161 161 172 
AGV1 0 16 22 44 46 57 57 68 68 84 95 117 117 138 
AGV2 0 22 22 36 36 60 60 73 73 95 95 116 117 129 129 151 151 163 163 175 
AGV3 16 32 32 46 46 58 58 70 84 100 100 111 111 134 134 147 147 161 161 172 
times： =175
M1 0 24 24 46 119 143 
M2 22 36 36 59 68 81 81 94 94 108 108 132 143 157 
M3 0 22 57 69 85 97 108 120 132 144 145 157 157 169 
M4 0 16 16 30 46 57 57 68 69 85 94 108 108 119 120 131 131 145 157 168 
AGV1 0 24 24 46 46 57 57 69 69 85 85 97 108 119 119 143 143 157 157 169 
AGV2 0 22 22 36 57 68 68 81 94 108 108 120 120 131 131 145 145 157 157 168 
AGV3 0 16 16 30 36 59 81 94 94 108 108 132 132 144 
times： =169
M1 56 80 80 102 125 149 
M2 0 13 22 36 36 60 86 109 109 122 122 136 149 163 
M3 0 22 22 34 60 72 102 114 114 126 136 148 163 175 
M4 0 14 14 28 34 45 45 56 56 72 72 86 86 102 102 113 114 125 148 159 
AGV1 0 14 22 34 34 45 56 72 72 86 86 109 109 122 122 136 136 148 148 159 
AGV2 0 22 22 36 45 56 56 80 80 102 102 113 114 126 
AGV3 0 13 14 28 36 60 60 72 86 102 102 114 114 125 125 149 149 163 163 175 
times： =175
M1 0 24 24 46 110 134 
M2 22 36 36 59 59 72 72 85 85 99 99 123 134 148 
M3 0 22 57 69 85 97 99 111 123 135 136 148 148 160 
M4 0 16 16 30 46 57 57 68 69 85 85 99 99 110 111 122 122 136 148 159 
AGV1 0 24 24 46 46 57 57 69 69 85 85 97 99 110 110 134 134 148 148 160 
AGV2 0 16 16 30 36 59 59 72 85 99 99 111 111 122 122 136 136 148 148 159 
AGV3 0 22 22 36 57 68 72 85 85 99 99 123 123 135 
times： =160
M1 0 24 24 46 110 134 
M2 22 36 36 59 59 72 72 85 85 99 99 123 134 148 
M3 0 22 57 69 85 97 99 111 123 135 136 148 148 160 
M4 0 16 16 30 46 57 57 68 69 85 85 99 99 110 111 122 122 136 148 159 
AGV1 0 24 24 46 46 57 57 69 69 85 85 97 99 110 110 134 134 148 148 160 
AGV2 0 16 16 30 36 59 59 72 85 99 99 111 111 122 122 136 136 148 148 159 
AGV3 0 22 22 36 57 68 72 85 85 99 99 123 123 135 
times： =160
M1 0 24 47 71 71 93 
M2 22 36 36 50 50 73 73 86 100 124 124 137 137 151 
M3 0 22 50 62 78 90 111 123 124 136 136 148 151 163 
M4 0 16 16 30 36 47 62 78 86 100 100 111 111 122 122 136 148 159 163 174 
AGV1 0 22 22 36 36 47 47 71 71 93 100 111 111 123 124 137 137 151 151 163 163 174 
AGV2 0 24 36 50 50 62 62 78 78 90 111 122 122 136 136 148 148 159 
AGV3 0 16 16 30 50 73 73 86 86 100 100 124 124 136 
times： =174
M1 13 35 35 47 48 60 60 84 84 105 111 123 
M2 0 13 22 36 36 60 60 73 87 111 123 137 139 153 
M3 0 22 36 48 105 117 117 139 148 160 
M4 0 16 16 30 47 63 73 87 87 101 101 112 112 123 137 148 153 164 
AGV1 0 22 22 36 36 48 48 60 60 84 84 105 105 117 117 139 139 153 153 164 
AGV2 0 16 16 30 36 60 60 73 73 87 87 111 111 123 123 137 137 148 148 160 
AGV3 0 13 13 35 35 47 47 63 87 101 101 112 112 123 
times： =164
M1 13 35 35 47 71 93 105 117 139 161 
M2 0 13 16 30 44 57 57 80 123 137 137 161 
M3 0 22 57 79 93 105 105 117 117 139 161 173 
M4 0 16 22 33 33 44 44 55 55 71 80 96 96 107 107 123 123 134 161 172 
AGV1 0 22 22 33 35 47 55 71 71 93 93 105 105 117 117 139 139 161 161 172 
AGV2 0 16 16 30 33 44 44 57 57 79 96 107 107 123 123 137 137 161 161 173 
AGV3 0 13 13 35 44 55 57 80 80 96 105 117 123 134 
times： =173
M1 13 35 35 56 80 92 99 120 
M2 0 13 35 59 59 72 72 85 85 99 148 162 
M3 0 22 22 34 34 46 46 68 68 80 92 114 120 132 132 144 
M4 0 16 16 30 59 70 72 86 86 97 114 128 132 148 148 159 162 173 
AGV1 0 16 16 30 35 56 59 72 72 86 86 97 
AGV2 0 22 22 34 34 46 46 68 68 80 80 92 92 114 114 128 132 144 148 159 
AGV3 0 13 13 35 35 59 59 70 72 85 85 99 99 120 120 132 132 148 148 162 162 173 
times： =173
M1 27 48 65 87 97 109 152 173 
M2 0 13 13 27 27 41 52 65 65 78 87 111 
M3 0 22 36 48 48 60 63 85 85 97 103 125 125 137 137 149 
M4 0 16 22 36 41 52 52 63 78 92 92 103 111 122 122 138 138 152 
AGV1 0 22 22 36 36 48 52 63 63 85 85 97 97 109 122 138 138 152 152 173 
AGV2 0 13 13 27 27 48 48 60 65 78 78 92 92 103 103 125 125 137 137 149 
AGV3 0 16 27 41 41 52 52 65 65 87 87 111 111 122 
times： =173
M1 14 35 36 57 57 81 95 107 108 129 
M2 0 13 22 36 81 95 95 108 137 151 151 174 
M3 0 22 35 47 47 59 59 81 81 103 103 115 115 137 137 149 151 163 163 175 
M4 0 14 14 28 59 70 107 123 123 137 137 148 
AGV1 0 14 14 35 35 47 59 81 81 95 95 107 107 123 123 137 137 148 151 174 
AGV2 0 22 22 36 36 57 57 81 81 103 103 115 115 137 137 151 151 163 163 175 
AGV3 0 13 14 28 47 59 59 70 95 108 108 129 137 149 
times： =175
